117.36	38.65	0	-24.47 	0	2.13 	0	JC387											
117.52	38.66	0	-8.32 	0	2.20 	0	0012下											
117.52	38.66	0	-8.38 	0	2.20 	0	DG021											
117.44	38.66	0	-12.16 	0	2.19 	0	JC337											
117.51	38.68	0	-9.67 	0	2.18 	0	不2088											
116.95	38.69	0	-37.40 	0	0.92 	0	JC1062											
116.92	38.69	0	-35.93 	0	0.76 	0	JC1061											
117.28	38.7	0	-21.35 	0	1.97 	0	JC398											
117.53	38.7	0	-10.13 	0	2.15 	0	JC364											
117.5	38.7	0	-11.63 	0	2.17 	0	JC367											
116.89	38.7	0	-36.26 	0	0.31 	0	津唐23基上											
116.88	38.7	0	-36.24 	0	0.29 	0	九宣闸基准站北											
116.88	38.7	0	-33.64 	0	0.31 	0	唐泊1号水闸											
117.04	38.71	0	-24.98 	0	1.29 	0	唐小3											
117.51	38.72	0	-7.35 	0	2.12 	0	Ⅰ津柳15-1											
117.08	38.72	0	-14.30 	0	1.40 	0	JC1063											
117.26	38.73	0	-24.55 	0	1.86 	0	JC1187											
117.13	38.74	0	-31.00 	0	1.50 	0	JC1064											
117.26	38.75	0	-24.97 	0	1.79 	0	MQJZ水闸											
117.15	38.75	0	-38.12 	0	1.55 	0	JC649											
116.93	38.76	0	-40.27 	0	1.31 	0	JH031											
117.5	38.77	0	-7.23 	0	1.99 	0	GPS23下											
117.5	38.77	0	-8.60 	0	1.99 	0	Ⅰ津柳14											
117.53	38.77	0	-9.08 	0	1.99 	0	不1908											
117.56	38.77	0	-10.01 	0	1.98 	0	F2											
117.22	38.77	0	-27.25 	0	1.69 	0	JC1135											
117.56	38.77	0	-15.80 	0	1.98 	0	BM											
117.18	38.77	0	-29.36 	0	1.58 	0	JC1644											
117.21	38.78	0	-31.41 	0	1.61 	0	静万5											
117.57	38.78	0	-12.23 	0	1.99 	0	C172下											
117.21	38.78	0	-26.34 	0	1.62 	0	C156下											
117.5	38.79	0	-7.28 	0	1.99 	0	JC1188											
116.93	38.79	0	-46.27 	0	1.41 	0	Ⅱ津唐20-1											
116.93	38.8	0	-53.85 	0	1.45 	0	JC1059-1											
117.27	38.81	0	-38.67 	0	1.67 	0	C169下											
117.27	38.81	0	-44.21 	0	1.67 	0	JC406											
117.49	38.82	0	-11.15 	0	1.98 	0	C171下											
117.59	38.82	0	-11.28 	0	2.03 	0	天津1066											
117.31	38.83	0	-52.65 	0	1.64 	0	C195											
117.35	38.83	0	-38.67 	0	1.74 	0	JC1351											
117.42	38.83	0	-20.14 	0	1.91 	0	C170下											
117.45	38.83	0	-17.15 	0	1.95 	0	JC632											
116.93	38.83	0	-57.29 	0	1.53 	0	C160下											
117.3	38.83	0	-48.19 	0	1.66 	0	JC407											
117.61	38.84	0	-15.05 	0	2.05 	0	GPS22下											
117.6	38.84	0	-11.41 	0	2.04 	0	津测1491-1											
117.33	38.84	0	-37.95 	0	1.72 	0	WJMT水文											
117.31	38.84	0	-49.94 	0	1.66 	0	JC819-1											
117.27	38.85	0	-69.76 	0	1.70 	0	JC516											
117.6	38.86	0	-11.71 	0	2.05 	0	Ⅰ108											
117.23	38.86	0	-55.93 	0	1.74 	0	XQ086											
117.38	38.86	0	-24.38 	0	1.81 	0	GPS10下											
117.61	38.87	0	-11.00 	0	2.05 	0	Ⅰ107											
117.39	38.88	0	-24.49 	0	1.86 	0	Ⅰ138											
117.62	38.89	0	-7.81 	0	2.04 	0	Ⅰ106-1											
117.39	38.9	0	-31.03 	0	1.89 	0	C157下											
116.93	38.9	0	-58.41 	0	1.71 	0	C162下											
116.93	38.91	0	-49.95 	0	1.73 	0	不1136											
116.92	38.92	0	-25.07 	0	1.75 	0	静海基准站北											
117.66	38.93	0	-1.60 	0	2.01 	0	Ⅰ103											
117.16	38.93	0	-45.12 	0	1.77 	0	JC1697											
117.14	38.96	0	-32.83 	0	1.76 	0	XQ066											
117.39	38.96	0	-29.74 	0	1.91 	0	JN004											
116.92	38.97	0	-37.33 	0	1.76 	0	不1815											
117.76	38.98	0	-5.73 	0	2.07 	0	JC607											
117.71	38.98	0	-1.77 	0	1.99 	0	JC1737											
117.68	38.98	0	2.20 	0	1.92 	0	特Ⅳ											
117.63	38.98	0	-11.86 	0	1.93 	0	JC1371											
117.66	38.98	0	-0.46 	0	1.93 	0	TG023											
117.43	38.98	0	-22.93 	0	1.86 	0	JC1304											
117.1	38.98	0	-38.38 	0	1.72 	0	C147下											
117.39	38.98	0	-26.48 	0	1.90 	0	JC1779											
116.93	38.98	0	-29.61 	0	1.75 	0	C153下											
117.71	38.99	0	-2.27 	0	2.00 	0	闸东甲											
117.71	38.99	0	-0.58 	0	2.01 	0	JC1736											
117.73	38.99	0	-2.64 	0	2.03 	0	651											
117.74	38.99	0	-2.11 	0	2.04 	0	深井标分层标上											
117.75	38.99	0	-3.14 	0	2.06 	0	GC-37											
117.51	38.99	0	-15.75 	0	1.82 	0	Ⅰ53											
117.53	38.99	0	-11.28 	0	1.85 	0	Ⅰ52											
117.55	38.99	0	-21.61 	0	1.88 	0	Ⅰ51											
117.55	38.99	0	-18.00 	0	1.88 	0	Ⅰ1012											
117.64	38.99	0	-0.64 	0	1.93 	0	JC895											
117.41	38.99	0	-21.53 	0	1.87 	0	JC755											
117.44	38.99	0	-26.24 	0	1.85 	0	JN005											
116.91	38.99	0	-51.24 	0	1.71 	0	不1132											
117.75	39	0	-15.00 	0	2.07 	0	BJG水3											
117.76	39	0	157.73 	0	2.08 	0	BJG水2-1											
117.37	39	0	-15.76 	0	1.88 	0	JC816											
117.38	39	0	-17.96 	0	1.87 	0	Ⅰ59											
117.07	39	0	-40.98 	0	1.68 	0	JC791											
116.91	39	0	-50.62 	0	1.73 	0	WJY口门											
117.76	39.01	0	-16.56 	0	2.08 	0	BJG深2-1											
117.05	39.01	0	-49.17 	0	1.65 	0	JC1338											
117.74	39.02	0	-7.03 	0	2.08 	0	JC1240											
117.02	39.02	0	-19.01 	0	1.65 	0	JC961											
116.95	39.02	0	-51.92 	0	1.67 	0	C133下											
116.95	39.02	0	-57.93 	0	1.67 	0	JC1006											
117.45	39.02	0	-17.25 	0	1.74 	0	海二BM1水闸											
117.45	39.02	0	-19.47 	0	1.75 	0	JC311											
116.89	39.03	0	-57.31 	0	1.67 	0	XQ048-1											
116.9	39.03	0	-48.61 	0	1.65 	0	JC1268A											
117.33	39.03	0	-7.81 	0	2.01 	0	674											
116.88	39.04	0	-73.99 	0	1.70 	0	XQ047											
117.05	39.04	0	-11.19 	0	1.59 	0	1025A-1											
117.47	39.04	0	-7.80 	0	1.73 	0	GPS20下											
117.09	39.04	0	-25.07 	0	1.64 	0	JC1382											
117.72	39.05	0	-7.10 	0	2.06 	0	JC1154-1											
117.74	39.05	0	-22.94 	0	2.07 	0	TH019											
116.87	39.06	0	-71.17 	0	1.74 	0	XQ045											
117.18	39.06	0	-0.66 	0	1.61 	0	李七庄基岩点											
117.46	39.06	0	-12.66 	0	1.70 	0	不1837											
117.73	39.06	0	-7.61 	0	2.03 	0	TG028											
117.28	39.06	0	-8.94 	0	2.12 	0	不1860											
117.3	39.06	0	-7.37 	0	2.08 	0	津柳5A											
117.5	39.07	0	-15.24 	0	1.72 	0	JC1611											
117.18	39.07	0	-13.99 	0	1.65 	0	Ⅱ314											
117.18	39.07	0	-16.73 	0	1.63 	0	Ⅰ5											
117.27	39.07	0	-9.57 	0	2.14 	0	1001-1											
116.86	39.08	0	-67.12 	0	1.78 	0	XQ043											
117.18	39.08	0	-11.00 	0	1.66 	0	不1510											
117.61	39.09	0	-5.12 	0	1.89 	0	656-1											
117.59	39.09	0	-3.46 	0	1.88 	0	C128下											
117.58	39.09	0	-3.84 	0	1.88 	0	GPS13下											
117.56	39.09	0	-9.09 	0	1.86 	0	JC1151											
117.52	39.09	0	-17.34 	0	1.78 	0	JC1618											
117.47	39.09	0	-11.11 	0	1.63 	0	DL030											
117.72	39.09	0	-19.76 	0	1.98 	0	TG026											
117.55	39.1	0	-9.37 	0	1.83 	0	TG041											
116.86	39.1	0	-70.31 	0	1.81 	0	XQ041											
116.85	39.1	0	-77.93 	0	1.80 	0	XQ042											
117.17	39.1	0	-5.83 	0	1.70 	0	NK003											
117.17	39.1	0	-9.54 	0	1.69 	0	JC1117-1											
117.66	39.11	0	-27.45 	0	1.89 	0	JC736											
117.42	39.11	0	-23.88 	0	1.57 	0	DL007											
117.17	39.11	0	-7.39 	0	1.71 	0	不2463											
117.73	39.12	0	-13.30 	0	1.95 	0	JC422											
117.73	39.12	0	-13.49 	0	1.95 	0	蓟运河闸BM1水闸											
117.73	39.12	0	-12.80 	0	1.94 	0	蓟运河闸水闸											
116.88	39.12	0	-77.35 	0	1.84 	0	XQ037											
117.17	39.12	0	-17.97 	0	1.72 	0	不2400											
117.75	39.13	0	-21.26 	0	2.02 	0	JC1433											
117.7	39.13	0	-22.36 	0	1.86 	0	C129下											
116.89	39.14	0	-86.69 	0	1.86 	0	XQ035-1											
117.18	39.14	0	-12.23 	0	1.72 	0	JC932-1											
117.72	39.15	0	-13.39 	0	1.86 	0	老建闸											
117.39	39.15	0	-23.08 	0	1.48 	0	Z2007下											
117.17	39.15	0	-15.85 	0	1.71 	0	F不320A-1											
117.73	39.17	0	-26.54 	0	1.90 	0	Ⅰ绥津79-1											
116.92	39.17	0	-93.38 	0	1.85 	0	XQ002											
117.16	39.17	0	-13.26 	0	1.69 	0	天甲BM1											
117.17	39.18	0	-13.08 	0	1.69 	0	京津23甲上											
117.81	39.19	0	-49.79 	0	2.21 	0	JC1789											
117.73	39.19	0	-18.58 	0	1.93 	0	JC150											
117.37	39.19	0	-17.78 	0	1.33 	0	不492											
117.1	39.19	0	-39.51 	0	1.67 	0	JC258											
116.99	39.19	0	-80.07 	0	1.79 	0	XQ007											
116.99	39.19	0	-86.95 	0	1.81 	0	C108下											
116.96	39.19	0	-80.37 	0	1.83 	0	XQ005											
117.16	39.19	0	-10.76 	0	1.66 	0	658											
117.83	39.2	0	-41.70 	0	2.23 	0	Z4015											
117.35	39.2	0	-20.66 	0	1.24 	0	JC940											
117.03	39.2	0	-61.98 	0	1.74 	0	青光大											
117.35	39.21	0	-16.67 	0	1.20 	0	JC1100											
117.1	39.21	0	-57.41 	0	1.63 	0	JC259											
117.15	39.21	0	-26.29 	0	1.61 	0	不1950											
117.96	39.22	0	-39.92 	0	2.37 	0	C093下											
117.75	39.22	0	-17.63 	0	1.96 	0	JC149											
117.35	39.22	0	-18.87 	0	1.11 	0	JC02											
117.98	39.23	0	-44.85 	0	2.37 	0	JC438											
117.92	39.23	0	-35.26 	0	2.36 	0	HG012											
117.92	39.23	0	-34.10 	0	2.35 	0	HG007											
117.88	39.23	0	-20.97 	0	2.33 	0	JC1168											
117.8	39.23	0	-13.41 	0	1.96 	0	汉沽分1下											
117.78	39.23	0	-19.93 	0	1.96 	0	汉沽营城分层标C0上											
117.78	39.23	0	-10.80 	0	1.96 	0	汉沽营城分层标C6上											
117.8	39.23	0	-10.46 	0	1.96 	0	汉沽分9下											
118.05	39.24	0	-68.23 	0	2.36 	0	JC445											
118.02	39.24	0	-63.38 	0	2.37 	0	JC444											
118	39.24	0	-47.19 	0	2.37 	0	1040下											
118	39.24	0	-52.15 	0	2.37 	0	Ⅰ汉乐5											
117.84	39.24	0	-17.19 	0	2.30 	0	HG008											
117.35	39.24	0	-29.02 	0	1.00 	0	JC939											
117.12	39.24	0	-28.71 	0	1.53 	0	不1594											
117.15	39.24	0	-41.35 	0	1.50 	0	BC009											
117.81	39.25	0	-17.14 	0	1.94 	0	Ⅰ汉乐1基上											
117.16	39.25	0	-33.82 	0	1.47 	0	不1543											
118.06	39.26	0	-75.28 	0	2.30 	0	JC447											
117.8	39.26	0	-18.13 	0	1.92 	0	JC146											
117.34	39.26	0	-21.03 	0	0.89 	0	潘津5											
117.18	39.26	0	-30.03 	0	1.37 	0	JC1195											
117.1	39.26	0	-24.78 	0	1.61 	0	JC72-1											
117.23	39.26	0	-75.84 	0	1.29 	0	JC952											
118	39.27	0	-55.54 	0	2.23 	0	JC1384											
118.04	39.27	0	-65.19 	0	2.28 	0	JC448											
117.3	39.27	0	-19.78 	0	1.10 	0	潘津6-1											
117.98	39.28	0	-43.00 	0	2.18 	0	C091下											
117.38	39.28	0	-35.72 	0	0.46 	0	ⅢDH01											
117.37	39.28	0	-27.32 	0	0.34 	0	BJPF水闸											
117.37	39.28	0	-26.61 	0	0.32 	0	Ⅲ孔东15											
117.37	39.28	0	-26.40 	0	0.30 	0	东堤头基准站北											
117.95	39.29	0	-35.59 	0	2.12 	0	JC703-1											
117.4	39.29	0	-32.74 	0	0.62 	0	JC1101											
117.93	39.3	0	-30.72 	0	2.08 	0	JC704-1											
117.81	39.3	0	-28.16 	0	1.86 	0	天津1051-1											
117.1	39.3	0	-41.37 	0	1.70 	0	BC027											
117.88	39.31	0	-22.28 	0	1.94 	0	JC1374											
117.85	39.32	0	-23.10 	0	1.85 	0	NH039											
117.43	39.32	0	-19.07 	0	0.72 	0	潘津2											
117.83	39.33	0	-27.48 	0	1.77 	0	宁河138											
117.47	39.33	0	-18.78 	0	0.39 	0	1037下											
117.08	39.33	0	-32.32 	0	1.78 	0	不289a											
117.46	39.34	0	-15.27 	0	0.57 	0	潘津1											
117.48	39.34	0	-15.61 	0	0.23 	0	潘庄GNSS基准站东											
117.68	39.35	0	-12.97 	0	1.56 	0	C076下											
117.8	39.35	0	-26.62 	0	1.73 	0	JC153											
117.51	39.35	0	-16.14 	0	0.88 	0	Ⅱ潘芦2A-1											
117.53	39.36	0	-22.60 	0	1.02 	0	JC1261											
117.67	39.36	0	-15.54 	0	1.59 	0	马聪庄140											
117.67	39.36	0	-15.55 	0	1.59 	0	潘芦4-1基上											
117.71	39.36	0	-27.15 	0	1.66 	0	JC1766											
117.59	39.37	0	-15.51 	0	1.31 	0	C075下											
117.62	39.37	0	-14.22 	0	1.40 	0	潘芦3-1											
117.48	39.37	0	-14.10 	0	1.26 	0	JC1785											
117.82	39.4	0	-17.54 	0	1.98 	0	Ⅰ玉芦18-1											
117.07	39.4	0	-38.25 	0	1.89 	0	WQ028											
117.44	39.42	0	-14.55 	0	1.51 	0	683											
117.08	39.43	0	-37.78 	0	1.92 	0	WQ031											
117.41	39.44	0	-21.48 	0	1.62 	0	JC1260											
117.41	39.44	0	-14.94 	0	1.59 	0	C058下											
117.36	39.47	0	-17.34 	0	1.75 	0	722-1											
117.49	39.47	0	-14.80 	0	1.87 	0	C059下											
117.47	39.47	0	-13.80 	0	1.84 	0	黄白桥水文											
117.47	39.47	0	-14.13 	0	1.83 	0	JC487											
117.47	39.48	0	-13.09 	0	1.81 	0	LZG											
117.08	39.48	0	-20.78 	0	1.95 	0	Ⅰ114012											