1024_1025 117.36 39.47 117.41 39.44 -4.140000000000001 -21.6 722-1_JC1260
1026_1228 117.41 39.44 117.48 39.37 0.8399999999999999 0.0 C058下_JC1785
1104_1027 117.51 39.35 117.53 39.36 -6.460000000000001 0.0 Ⅱ潘芦2A-1_JC1261
1041_1035 117.83 39.33 117.82 39.4 9.940000000000001 0.0 宁河138_Ⅰ玉芦18-1
1037_1038 117.49 39.47 117.47 39.47 1.0 -22.1 C059下_黄白桥水文
1041_1042 117.83 39.33 117.85 39.32 4.379999999999999 0.0 宁河138_NH039
1065_1066 117.73 39.12 117.72 39.15 -0.5899999999999999 0.0 蓟运河闸水闸_老建闸
1066_1067 117.72 39.15 117.73 39.17 -13.149999999999999 0.0 老建闸_Ⅰ绥津79-1
1066_1077 117.72 39.15 117.7 39.13 -8.969999999999999 0.0 老建闸_C129下
1088_1087 117.35 39.21 117.35 39.22 -2.1999999999999993 0.0 JC1100_JC02
1093_1094 117.34 39.26 117.35 39.24 -7.989999999999998 0.0 潘津5_JC939
1093_1095 117.34 39.26 117.38 39.28 -14.689999999999998 0.0 潘津5_ⅢDH01
1117_1106 117.12 39.24 117.1 39.26 3.9299999999999997 0.0 不1594_JC72-1
1105_1115 117.18 39.26 117.23 39.26 -45.81 0.0 JC1195_JC952
1136_1117 117.15 39.24 117.12 39.24 12.64 0.0 BC009_不1594
1117_1118 117.12 39.24 117.1 39.21 -28.699999999999996 0.0 不1594_JC259
1124_1125 116.92 39.17 116.89 39.14 6.689999999999998 0.0 XQ002_XQ035-1
1131_1132 116.88 39.04 116.89 39.03 16.679999999999993 0.0 XQ047_XQ048-1
1136_1137 117.15 39.24 117.15 39.21 15.060000000000002 0.0 BC009_不1950
1086_1151 117.47 39.09 117.46 39.06 -1.5500000000000007 0.0 DL030_不1837
1156_1157 117.71 38.99 117.71 38.99 1.69 0.0 闸东甲_JC1736
1156_1167 117.71 38.99 117.71 38.98 0.5 0.0 闸东甲_JC1737
1230_1169 117.45 39.02 117.51 38.99 3.719999999999999 0.0 JC311_Ⅰ53
1177_1178 117.38 39.0 117.41 38.99 -3.5700000000000003 0.0 Ⅰ59_JC755
1168_1181 117.68 38.98 117.66 38.93 -3.8000000000000003 0.0 特Ⅳ_Ⅰ103
1186_1187 117.31 38.83 117.35 38.83 13.979999999999997 0.0 C195_JC1351
1186_1196 117.31 38.83 117.27 38.85 -17.110000000000007 0.0 C195_JC516
1150_1203 117.18 39.06 117.27 39.07 -8.91 0.0 李七庄基岩点_1001-1
1231_1232 117.39 38.9 117.39 38.88 6.540000000000003 0.0 C157下_Ⅰ138
1150_1236 117.18 39.06 117.09 39.04 -24.41 0.0 李七庄基岩点_JC1382
1134_1207 117.05 39.04 117.02 39.02 -7.820000000000002 0.0 1025A-1_JC961
1218_1239 117.21 38.78 117.18 38.77 2.0500000000000007 0.0 静万5_JC1644
1252_1253 116.93 38.83 116.93 38.9 -1.1199999999999974 0.0 C160下_C162下
1210_1211 117.52 38.66 117.52 38.66 -0.0600000000000005 0.0 0012下_DG021
1185_1219 117.61 38.84 117.6 38.84 3.6400000000000006 0.0 GPS22下_津测1491-1
1195_1222 117.56 38.77 117.56 38.77 -5.790000000000001 0.0 F2_BM
1131_1252 116.88 39.04 116.93 38.83 16.699999999999996 0.0 XQ047_C160下
